,Deaths,number_of_days,Inflation rate value,Drought,Flooding,Freeze,Severe Storm,Tropical Cyclone,Wildfire,Winter Storm
278,-0.2218007232503147,-0.3562008305396369,0.6911516947832749,0,0,0,1,0,0,0
60,-0.2218007232503147,-0.4318873563807854,-1.2086220352122328,0,0,0,1,0,0,0
119,7.706976915230125,-0.36881525151316163,-0.41971969224190664,0,0,0,0,1,0,0
266,-0.2218007232503147,-0.4192729354072607,0.6074078560986713,0,0,0,1,0,0,0
352,-0.07905677231204163,-0.4192729354072607,1.5500679709122775,0,0,0,1,0,0,0
242,-0.21314957470860116,-0.4066585144337359,0.4974245061387473,0,0,0,1,0,0,0
249,-0.2174751489794579,-0.39404409346021113,0.4974245061387473,0,0,0,1,0,0,0
17,-0.2218007232503147,-0.4066585144337359,-2.032477688364689,0,0,1,0,0,0,0
153,-0.2218007232503147,-0.4318873563807854,-0.06470443966573675,0,0,0,1,0,0,0
24,0.21075670383536121,0.7160249522099672,-1.9939983863659414,1,0,0,0,0,0,0
372,-0.20017285189603087,-0.4066585144337359,1.5500679709122775,0,0,0,0,1,0,0
331,-0.21314957470860116,-0.4318873563807854,1.3711008906200977,0,0,0,1,0,0,0
126,-0.1352892378331795,-0.39404409346021113,-0.3039751782616104,0,1,0,0,0,0,0
220,-0.1136613664788957,-0.3814296724866864,0.34805889366703735,0,1,0,0,0,0,0
141,-0.143940386374893,-0.3562008305396369,-0.05201853432551273,0,0,0,1,0,0,0
163,-0.2218007232503147,-0.4192729354072607,-0.000105203505449297,0,0,0,1,0,0,0
237,-0.2218007232503147,4.17237629895575,0.40331578455320544,1,0,0,0,0,0,0
371,-0.2218007232503147,-0.4318873563807854,1.5500679709122775,0,0,0,1,0,0,0
280,-0.2088240004377444,-0.39404409346021113,0.6911516947832749,0,0,0,1,0,0,0
116,-0.10068464366632543,-0.2552854627514389,-0.5366906381584161,0,0,0,0,1,0,0
329,0.7687557847758831,4.159761877982225,0.9729811546057323,1,0,0,0,0,0,0
175,-0.21314957470860116,-0.4192729354072607,0.12585242242367536,0,0,0,1,0,0,0
281,-0.20017285189603087,-0.11652683204266656,0.6911516947832749,0,1,0,0,0,0,0
19,-0.20449842616688765,-0.3814296724866864,-2.032477688364689,0,0,0,0,1,0,0
152,-0.2218007232503147,-0.39404409346021113,-0.06470443966573675,0,0,0,1,0,0,0
79,-0.21314957470860116,-0.36881525151316163,-1.0131594453779602,0,0,0,0,1,0,0
239,-0.11798694074975247,-0.4066585144337359,0.4974245061387473,0,0,0,1,0,0,0
18,0.16317538685593688,-0.4318873563807854,-2.032477688364689,0,0,0,1,0,0,0
137,0.024757010188520587,-0.4192729354072607,-0.05201853432551273,0,0,0,1,0,0,0
104,-0.2088240004377444,-0.39404409346021113,-0.6269866894622483,0,0,0,1,0,0,0
287,-0.2088240004377444,1.8639372608007199,0.6911516947832749,0,0,0,0,0,1,0
118,-0.1569171091874633,-0.4066585144337359,-0.41971969224190664,0,0,0,0,1,0,0
165,-0.18287055481260384,-0.4192729354072607,0.12585242242367536,0,0,0,1,0,0,0
31,-0.17854498054174708,-0.4066585144337359,-1.7318485599999758,0,0,1,0,0,0,0
36,-0.2218007232503147,-0.34358640956611214,-1.608285542426311,0,0,1,0,0,0,0
272,-0.2218007232503147,2.2423698900064624,0.6074078560986713,1,0,0,0,0,0,0
140,-0.1655682577291768,-0.36881525151316163,-0.05201853432551273,0,0,0,1,0,0,0
177,-0.02714988106176052,-0.4066585144337359,0.12585242242367536,0,0,0,0,1,0,0
253,0.16317538685593688,-0.3562008305396369,0.4974245061387473,0,0,0,0,1,0,0
59,-0.10501021793718218,0.6907961102629177,-1.2086220352122328,0,1,0,0,0,0,0
111,-0.20449842616688765,-0.3562008305396369,-0.5366906381584161,0,0,0,1,0,0,0
362,-0.2218007232503147,-0.39404409346021113,1.5500679709122775,0,0,0,1,0,0,0
6,-0.07905677231204163,-0.4066585144337359,-2.236065389776386,0,0,0,1,0,0,0
334,-0.2174751489794579,-0.4066585144337359,1.3711008906200977,0,0,0,1,0,0,0
262,-0.2218007232503147,-0.39404409346021113,0.6074078560986713,0,0,0,1,0,0,0
10,-0.13096366356232275,-0.39404409346021113,-2.179956128694548,0,0,0,0,1,0,0
173,-0.20017285189603087,0.3249779020306998,0.12585242242367536,0,1,0,0,0,0,0
103,-0.2218007232503147,3.024463990364997,-0.7030254695075807,1,0,0,0,0,0,0
81,0.6433141309210371,0.7160249522099672,-1.0131594453779602,1,0,0,0,0,0,0
370,-0.20449842616688765,-0.39404409346021113,1.5500679709122775,0,0,0,1,0,0,0
294,-0.2088240004377444,-0.4066585144337359,0.7500004982026339,0,0,0,1,0,0,0
292,-0.2218007232503147,-0.4192729354072607,0.7500004982026339,0,0,0,1,0,0,0
192,0.31024491206506666,4.17237629895575,0.211636737242156,1,0,0,0,0,0,0
196,-0.20449842616688765,-0.39404409346021113,0.2735531535419734,0,1,0,0,0,0,0
337,-0.2218007232503147,-0.4318873563807854,1.3711008906200977,0,0,0,1,0,0,0
89,0.11126849560565577,-0.4066585144337359,-0.947392032798429,0,0,0,0,1,0,0
172,-0.2088240004377444,-0.3814296724866864,0.12585242242367536,0,0,0,1,0,0,0
147,-0.2218007232503147,4.17237629895575,-0.05201853432551273,1,0,0,0,0,0,0
258,-0.12663808929146597,-0.4066585144337359,0.6074078560986713,0,0,0,0,0,0,1
92,-0.2218007232503147,1.8765516817742447,-0.8442184461643377,0,0,0,0,0,1,0
69,-0.061754475228614596,-0.39404409346021113,-1.1262977914937986,0,0,0,0,1,0,0
255,12.672736178173684,-0.4066585144337359,0.4974245061387473,0,0,0,0,1,0,0
96,-0.2218007232503147,-0.4192729354072607,-0.7549955228046937,0,0,0,1,0,0,0
143,-0.2088240004377444,-0.4066585144337359,-0.05201853432551273,0,0,0,0,1,0,0
283,-0.20449842616688765,1.3089027379656306,0.6911516947832749,0,1,0,0,0,0,0
97,-0.03580102960347404,-0.28051430469848837,-0.7549955228046937,0,0,0,0,1,0,0
208,-0.2218007232503147,-0.36881525151316163,0.34278370330139235,0,0,0,1,0,0,0
68,-0.2218007232503147,1.8765516817742447,-1.1262977914937986,1,0,0,0,0,0,0
23,-0.1655682577291768,-0.4066585144337359,-1.9939983863659414,0,0,0,1,0,0,0
37,-0.2218007232503147,-0.39404409346021113,-1.5069516036965427,0,0,0,1,0,0,0
144,0.00745471310509355,-0.39404409346021113,-0.05201853432551273,0,0,0,0,1,0,0
122,-0.07040562377032811,-0.4318873563807854,-0.41971969224190664,0,0,0,0,1,0,0
67,-0.18287055481260384,-0.36881525151316163,-1.1262977914937986,0,1,0,0,0,0,0
168,-0.2218007232503147,-0.4192729354072607,0.12585242242367536,0,0,0,1,0,0,0
193,-0.2174751489794579,-0.4192729354072607,0.2735531535419734,0,0,0,1,0,0,0
296,-0.21314957470860116,-0.4066585144337359,0.7500004982026339,0,0,0,1,0,0,0
176,-0.2218007232503147,-0.4192729354072607,0.12585242242367536,0,0,0,1,0,0,0
125,-0.10501021793718218,-0.39404409346021113,-0.3039751782616104,0,0,0,1,0,0,0
146,-0.15259153491660654,0.7034105312364425,-0.05201853432551273,0,0,0,0,0,1,0
274,-0.21314957470860116,-0.4066585144337359,0.6911516947832749,0,0,0,1,0,0,0
86,-0.2218007232503147,-0.39404409346021113,-0.947392032798429,0,0,0,0,0,0,1
327,-0.2174751489794579,-0.4318873563807854,0.9729811546057323,0,0,0,1,0,0,0
265,-0.2218007232503147,-0.4318873563807854,0.6074078560986713,0,0,0,1,0,0,0
316,-0.20449842616688765,-0.4066585144337359,0.9729811546057323,0,0,0,1,0,0,0
180,-0.2174751489794579,-0.4192729354072607,0.12585242242367536,0,0,0,0,0,0,1
282,-0.2218007232503147,-0.4192729354072607,0.6911516947832749,0,0,0,1,0,0,0
182,-0.0401266038743308,-0.4192729354072607,0.211636737242156,0,0,0,1,0,0,0
324,0.19345440675193418,-0.39404409346021113,0.9729811546057323,0,0,0,0,1,0,0
311,0.9114997357141562,-0.31835756761906264,0.9729811546057323,0,0,0,0,0,0,1
321,-0.2218007232503147,-0.39404409346021113,0.9729811546057323,0,0,0,1,0,0,0
129,-0.2174751489794579,-0.39404409346021113,-0.3039751782616104,0,0,0,1,0,0,0
38,-0.143940386374893,-0.4066585144337359,-1.5069516036965427,0,0,0,0,1,0,0
11,-0.2218007232503147,0.7160249522099672,-2.179956128694548,1,0,0,0,0,0,0
248,-0.2218007232503147,-0.39404409346021113,0.4974245061387473,0,0,0,1,0,0,0
185,-0.2174751489794579,-0.39404409346021113,0.211636737242156,0,0,0,1,0,0,0
275,-0.2218007232503147,-0.4066585144337359,0.6911516947832749,0,0,0,1,0,0,0
112,-0.2218007232503147,-0.4192729354072607,-0.5366906381584161,0,0,0,1,0,0,0
179,-0.13096366356232275,-0.3814296724866864,0.12585242242367536,0,0,0,0,1,0,0
247,-0.1352892378331795,-0.28051430469848837,0.4974245061387473,0,1,0,0,0,0,0
374,0.8466161216513047,1.8639372608007199,1.5500679709122775,1,0,0,0,0,0,0
117,-0.2218007232503147,-0.39404409346021113,-0.41971969224190664,0,0,0,1,0,0,0
345,-0.1482659606457498,2.6334169401857297,1.3711008906200977,0,0,0,0,0,1,0
361,-0.21314957470860116,-0.4192729354072607,1.5500679709122775,0,0,0,0,1,0,0
268,-0.2218007232503147,-0.39404409346021113,0.6074078560986713,0,0,0,1,0,0,0
339,-0.2174751489794579,-0.4318873563807854,1.3711008906200977,0,0,0,1,0,0,0
164,-0.06608004949947135,-0.4066585144337359,0.12585242242367536,0,0,0,0,0,0,1
227,-0.2218007232503147,-0.4192729354072607,0.40331578455320544,0,0,0,1,0,0,0
136,-0.16989383200003358,-0.36881525151316163,-0.05201853432551273,0,0,0,1,0,0,0
154,-0.17854498054174708,-0.39404409346021113,-0.06470443966573675,0,1,0,0,0,0,0
199,-0.2218007232503147,-0.4192729354072607,0.2735531535419734,0,0,0,1,0,0,0
197,-0.10501021793718218,-0.3814296724866864,0.2735531535419734,0,0,0,1,0,0,0
368,-0.21314957470860116,-0.4192729354072607,1.5500679709122775,0,0,0,1,0,0,0
2,5.228422858029202,1.8639372608007199,-2.496375568238029,1,0,0,0,0,0,0
351,-0.12231251502060922,-0.4066585144337359,1.5500679709122775,0,0,0,1,0,0,0
115,0.024757010188520587,-0.31835756761906264,-0.5366906381584161,0,0,0,0,1,0,0
299,-0.2218007232503147,-0.4192729354072607,0.7500004982026339,0,0,0,1,0,0,0
305,-0.20017285189603087,-0.4066585144337359,0.7500004982026339,0,0,0,0,1,0,0
26,1.7420099957186541,0.7160249522099672,-1.8360952745782548,1,0,0,0,0,0,0
120,-0.2218007232503147,1.8765516817742447,-0.41971969224190664,1,0,0,0,0,0,0
286,-0.21314957470860116,-0.4318873563807854,0.6911516947832749,0,0,0,1,0,0,0
218,-0.08770792085375514,-0.39404409346021113,0.34805889366703735,0,1,0,0,0,0,0
322,-0.21314957470860116,-0.39404409346021113,0.9729811546057323,0,0,0,1,0,0,0
127,-0.2174751489794579,-0.4192729354072607,-0.3039751782616104,0,0,0,1,0,0,0
74,0.34917508050277746,0.6907961102629177,-1.0588440350019708,0,0,0,1,0,0,0
301,-0.15259153491660654,-0.4192729354072607,0.7500004982026339,0,0,0,0,1,0,0
29,0.1501986640433666,-0.4192729354072607,-1.7318485599999758,0,0,0,0,1,0,0
83,-0.08770792085375514,-0.33097198859258736,-1.0131594453779602,0,1,0,0,0,0,0
312,-0.19584727762517412,-0.4192729354072607,0.9729811546057323,0,0,0,1,0,0,0
107,-0.19152170335431737,-0.4066585144337359,-0.6269866894622483,0,0,0,1,0,0,0
224,-0.17854498054174708,-0.4066585144337359,0.40331578455320544,0,0,0,1,0,0,0
231,-0.21314957470860116,-0.39404409346021113,0.40331578455320544,0,0,0,1,0,0,0
133,-0.18287055481260384,-0.3814296724866864,-0.19753621659734868,0,0,0,1,0,0,0
184,-0.19584727762517412,-0.4192729354072607,0.211636737242156,0,0,0,1,0,0,0
271,-0.009847583978333487,-0.4192729354072607,0.6074078560986713,0,0,0,0,1,0,0
44,0.04205930727194762,-0.3814296724866864,-1.4307595196591831,0,0,0,0,1,0,0
347,0.3664773775862045,4.159761877982225,1.3711008906200977,1,0,0,0,0,0,0
65,-0.10501021793718218,-0.4066585144337359,-1.2086220352122328,0,0,0,0,1,0,0
277,-0.19152170335431737,-0.4192729354072607,0.6911516947832749,0,0,0,1,0,0,0
85,-0.1136613664788957,-0.39404409346021113,-0.947392032798429,0,0,0,0,0,0,1
186,-0.2174751489794579,-0.36881525151316163,0.211636737242156,0,0,0,1,0,0,0
70,-0.2174751489794579,-0.39404409346021113,-1.1262977914937986,0,1,0,0,0,0,0
159,-0.08338234658289839,-0.4066585144337359,-0.000105203505449297,0,1,0,0,0,0,0
12,-0.16124268345832005,-0.3814296724866864,-2.179956128694548,0,1,0,0,0,0,0
35,-0.1482659606457498,0.7160249522099672,-1.608285542426311,0,0,0,0,0,1,0
28,-0.17421940627089033,-0.4066585144337359,-1.7318485599999758,0,0,0,0,1,0,0
170,0.5438259226913317,-0.36881525151316163,0.12585242242367536,0,0,0,1,0,0,0
142,-0.11798694074975247,0.7034105312364425,-0.05201853432551273,0,1,0,0,0,0,0
297,-0.21314957470860116,-0.39404409346021113,0.7500004982026339,0,0,0,1,0,0,0
250,-0.2218007232503147,-0.4066585144337359,0.4974245061387473,0,0,0,1,0,0,0
150,-0.19584727762517412,-0.4192729354072607,-0.06470443966573675,0,0,0,1,0,0,0
228,-0.2218007232503147,-0.4066585144337359,0.40331578455320544,0,0,0,1,0,0,0
221,-0.16989383200003358,1.8639372608007199,0.34805889366703735,0,0,0,0,0,1,0
131,-0.2174751489794579,-0.3562008305396369,-0.19753621659734868,0,0,1,0,0,0,0
355,-0.2218007232503147,-0.4318873563807854,1.5500679709122775,0,0,0,1,0,0,0
51,-0.15259153491660654,0.7160249522099672,-1.3541075236457425,1,0,0,0,0,0,0
240,-0.20017285189603087,-0.2552854627514389,0.4974245061387473,0,1,0,0,0,0,0
300,-0.2218007232503147,-0.4192729354072607,0.7500004982026339,0,0,0,0,1,0,0
95,-0.2088240004377444,-0.36881525151316163,-0.7549955228046937,0,0,0,1,0,0,0
284,-0.17854498054174708,-0.31835756761906264,0.6911516947832749,0,0,0,0,1,0,0
178,0.18912883248107742,1.8765516817742447,0.12585242242367536,1,0,0,0,0,0,0
204,-0.2218007232503147,-0.4192729354072607,0.34278370330139235,0,0,0,1,0,0,0
123,-0.17854498054174708,-0.36881525151316163,-0.3039751782616104,0,0,0,1,0,0,0
41,-0.2218007232503147,-0.4192729354072607,-1.4307595196591831,0,0,0,1,0,0,0
289,-0.2088240004377444,-0.4066585144337359,0.7500004982026339,0,0,0,1,0,0,0
206,-0.07905677231204163,-0.3814296724866864,0.34278370330139235,0,0,0,1,0,0,0
254,0.19777998102279096,-0.3562008305396369,0.4974245061387473,0,0,0,0,1,0,0
310,-0.21314957470860116,-0.36881525151316163,0.9729811546057323,0,1,0,0,0,0,0
4,-0.1352892378331795,-0.36881525151316163,-2.33908567241845,0,0,0,1,0,0,0
256,-0.2218007232503147,3.415511040544265,0.4974245061387473,1,0,0,0,0,0,0
335,-0.2218007232503147,-0.4318873563807854,1.3711008906200977,0,0,0,1,0,0,0
100,-0.20017285189603087,-0.4066585144337359,-0.7030254695075807,0,0,0,0,1,0,0
226,-0.2174751489794579,-0.4192729354072607,0.40331578455320544,0,0,0,1,0,0,0
320,-0.2174751489794579,-0.4066585144337359,0.9729811546057323,0,0,0,0,1,0,0
213,-0.09203349512461191,-0.3562008305396369,0.34805889366703735,0,0,0,0,0,0,1
171,-0.19152170335431737,0.3249779020306998,0.12585242242367536,0,1,0,0,0,0,0
98,-0.19152170335431737,-0.4192729354072607,-0.7030254695075807,0,0,0,1,0,0,0
215,-0.2218007232503147,-0.4066585144337359,0.34805889366703735,0,0,0,1,0,0,0
61,-0.08338234658289839,-0.4066585144337359,-1.2086220352122328,0,0,0,1,0,0,0
47,-0.13961481210403626,-0.39404409346021113,-1.4307595196591831,0,0,0,0,0,0,1
32,0.21075670383536121,-0.36881525151316163,-1.7318485599999758,0,0,0,0,0,0,1
267,-0.2218007232503147,-0.39404409346021113,0.6074078560986713,0,0,0,1,0,0,0
200,-0.18287055481260384,-0.3562008305396369,0.2735531535419734,0,1,0,0,0,0,0
333,-0.2174751489794579,-0.4066585144337359,1.3711008906200977,0,0,0,1,0,0,0
27,-0.13096366356232275,-0.36881525151316163,-1.7318485599999758,0,0,0,1,0,0,0
291,-0.2218007232503147,-0.4192729354072607,0.7500004982026339,0,0,0,1,0,0,0
230,-0.19584727762517412,-0.3562008305396369,0.40331578455320544,0,0,0,1,0,0,0
260,-0.2218007232503147,-0.39404409346021113,0.6074078560986713,0,0,0,1,0,0,0
162,-0.2218007232503147,-0.39404409346021113,-0.000105203505449297,0,0,0,1,0,0,0
318,-0.2218007232503147,-0.4192729354072607,0.9729811546057323,0,0,0,1,0,0,0
138,-0.20017285189603087,-0.4192729354072607,-0.05201853432551273,0,0,0,1,0,0,0
62,-0.19584727762517412,-0.3562008305396369,-1.2086220352122328,0,0,0,0,1,0,0
135,-0.1569171091874633,1.8639372608007199,-0.19753621659734868,1,0,0,0,0,0,0
128,-0.2218007232503147,1.8765516817742447,-0.3039751782616104,1,0,0,0,0,0,0
8,-0.02714988106176052,0.1357615874278285,-2.236065389776386,0,1,0,0,0,0,0
64,3.550100040936779,0.7160249522099672,-1.2086220352122328,1,0,0,0,0,0,0
14,0.12424521841822604,-0.29312872567201315,-2.0999314448565163,0,0,0,1,0,0,0
156,-0.2218007232503147,4.159761877982225,-0.06470443966573675,1,0,0,0,0,0,0
40,-0.1136613664788957,-0.0534547271750428,-1.5069516036965427,0,0,0,0,0,1,0
356,-0.2174751489794579,-0.4192729354072607,1.5500679709122775,0,0,0,1,0,0,0
302,-0.20449842616688765,-0.4318873563807854,0.7500004982026339,0,0,0,1,0,0,0
216,-0.2088240004377444,-0.4192729354072607,0.34805889366703735,0,0,0,1,0,0,0
279,-0.2218007232503147,-0.4066585144337359,0.6911516947832749,0,0,0,1,0,0,0
323,-0.19152170335431737,-0.4066585144337359,0.9729811546057323,0,0,0,0,1,0,0
236,-0.009847583978333487,-0.3814296724866864,0.40331578455320544,0,0,0,0,1,0,0
207,-0.2218007232503147,-0.3814296724866864,0.34278370330139235,0,0,0,1,0,0,0
212,-0.2218007232503147,4.159761877982225,0.34278370330139235,1,0,0,0,0,0,0
295,-0.2174751489794579,-0.39404409346021113,0.7500004982026339,0,0,0,1,0,0,0
341,-0.0401266038743308,-0.4066585144337359,1.3711008906200977,0,1,0,0,0,0,0
251,-0.2218007232503147,-0.3814296724866864,0.4974245061387473,0,0,0,1,0,0,0
366,-0.17854498054174708,-0.3562008305396369,1.5500679709122775,0,1,0,0,0,0,0
342,-0.1136613664788957,-0.4192729354072607,1.3711008906200977,0,0,0,0,1,0,0
303,-0.0401266038743308,-0.4192729354072607,0.7500004982026339,0,0,0,0,1,0,0
269,-0.2218007232503147,-0.4192729354072607,0.6074078560986713,0,0,0,1,0,0,0
201,-0.18719612908346062,-0.4318873563807854,0.2735531535419734,0,0,0,1,0,0,0
161,-0.21314957470860116,-0.36881525151316163,-0.000105203505449297,0,0,0,1,0,0,0
43,-0.2218007232503147,-0.4192729354072607,-1.4307595196591831,0,0,0,1,0,0,0
217,-0.20449842616688765,-0.3814296724866864,0.34805889366703735,0,0,0,1,0,0,0
190,0.46596558581590997,-0.4192729354072607,0.211636737242156,0,0,0,0,1,0,0
309,-0.022824306790903765,1.4728902106214525,0.7500004982026339,0,0,0,0,0,1,0
259,-0.18287055481260384,-0.4066585144337359,0.6074078560986713,0,0,0,0,0,0,1
105,-0.0011964354366199683,-0.34358640956611214,-0.6269866894622483,0,0,0,1,0,0,0
53,0.08098947570965845,-0.39404409346021113,-1.2851207272336465,0,0,0,0,0,0,1
1,-0.1655682577291768,-0.3814296724866864,-2.496375568238029,0,0,0,0,1,0,0
49,-0.2174751489794579,-0.4066585144337359,-1.3541075236457425,0,0,0,1,0,0,0
80,-0.2088240004377444,-0.4066585144337359,-1.0131594453779602,0,0,0,0,1,0,0
205,-0.2218007232503147,-0.4192729354072607,0.34278370330139235,0,0,0,1,0,0,0
34,-0.2218007232503147,-0.4318873563807854,-1.608285542426311,0,0,0,1,0,0,0
263,-0.20017285189603087,-0.4066585144337359,0.6074078560986713,0,0,0,1,0,0,0
91,-0.2218007232503147,-0.4192729354072607,-0.8442184461643377,0,0,0,1,0,0,0
52,-0.20449842616688765,0.7034105312364425,-1.3541075236457425,0,0,0,0,0,1,0
264,-0.2218007232503147,-0.4318873563807854,0.6074078560986713,0,0,0,1,0,0,0
241,-0.19584727762517412,-0.4192729354072607,0.4974245061387473,0,0,0,1,0,0,0
13,0.4313609916490559,-0.30574314664553787,-2.179956128694548,0,0,1,0,0,0,0
315,-0.2218007232503147,-0.4192729354072607,0.9729811546057323,0,0,0,1,0,0,0
88,1.9496375607197785,0.7160249522099672,-0.947392032798429,1,0,0,0,0,0,0
273,0.23671014946050178,2.2549843109799874,0.6074078560986713,0,0,0,0,0,1,0
166,-0.2218007232503147,-0.39404409346021113,0.12585242242367536,0,0,0,1,0,0,0
328,-0.18719612908346062,2.2549843109799874,0.9729811546057323,0,0,0,0,0,1,0
369,0.21075670383536121,-0.4318873563807854,1.5500679709122775,0,0,0,0,0,1,0
134,-0.16989383200003358,0.7160249522099672,-0.19753621659734868,0,0,0,0,0,1,0
306,-0.19584727762517412,-0.4192729354072607,0.7500004982026339,0,0,0,0,1,0,0
360,-0.2218007232503147,-0.4192729354072607,1.5500679709122775,0,0,0,1,0,0,0
319,-0.2218007232503147,-0.4066585144337359,0.9729811546057323,0,0,0,1,0,0,0
243,-0.2218007232503147,-0.4066585144337359,0.4974245061387473,0,0,1,0,0,0,0
54,-0.18287055481260384,-0.36881525151316163,-1.2851207272336465,0,0,0,0,0,0,1
50,-0.014173158249190245,0.18621927132192753,-1.3541075236457425,0,1,0,0,0,0,0
174,-0.2218007232503147,-0.4318873563807854,0.12585242242367536,0,0,0,1,0,0,0
189,-0.18287055481260384,-0.36881525151316163,0.211636737242156,0,0,0,0,1,0,0
373,-0.2218007232503147,-0.4192729354072607,1.5500679709122775,0,0,0,1,0,0,0
187,-0.2218007232503147,-0.3562008305396369,0.211636737242156,0,0,0,1,0,0,0
169,1.166708617694705,-0.39404409346021113,0.12585242242367536,0,0,0,1,0,0,0
58,-0.2218007232503147,1.8639372608007199,-1.2851207272336465,0,0,0,0,0,1,0
48,0.9461043298810102,-0.39404409346021113,-1.3541075236457425,0,0,0,0,0,0,1
344,-0.20017285189603087,-0.4192729354072607,1.3711008906200977,0,0,0,0,1,0,0
235,-0.1655682577291768,-0.39404409346021113,0.40331578455320544,0,1,0,0,0,0,0
252,-0.2218007232503147,-0.4066585144337359,0.4974245061387473,0,0,0,1,0,0,0
21,0.05071045581366114,-0.3814296724866864,-2.032477688364689,0,0,0,0,1,0,0
313,-0.18719612908346062,-0.4192729354072607,0.9729811546057323,0,0,0,1,0,0,0
160,-0.2088240004377444,-0.4066585144337359,-0.000105203505449297,0,0,0,1,0,0,0
276,-0.2088240004377444,-0.2174421998308646,0.6911516947832749,0,1,0,0,0,0,0
191,-0.18719612908346062,1.8639372608007199,0.211636737242156,0,0,0,0,0,1,0
293,-0.07040562377032811,-0.4192729354072607,0.7500004982026339,0,0,0,1,0,0,0
343,0.43568656591991267,-0.4066585144337359,1.3711008906200977,0,0,0,0,1,0,0
257,0.01178028737595031,2.2549843109799874,0.4974245061387473,0,0,0,0,0,1,0
308,-0.02714988106176052,2.2423698900064624,0.7500004982026339,1,0,0,0,0,0,0
149,-0.2218007232503147,-0.39404409346021113,-0.06470443966573675,0,0,0,1,0,0,0
130,-0.10068464366632543,4.159761877982225,-0.3039751782616104,0,0,0,0,0,1,0
151,-0.19152170335431737,-0.4066585144337359,-0.06470443966573675,0,0,0,1,0,0,0
359,-0.2174751489794579,-0.4066585144337359,1.5500679709122775,0,0,0,1,0,0,0
99,-0.21314957470860116,-0.3814296724866864,-0.7030254695075807,0,0,0,0,1,0,0
87,0.01610586164680707,-0.39404409346021113,-0.947392032798429,0,0,0,1,0,0,0
330,-0.2218007232503147,-0.4192729354072607,1.3711008906200977,0,0,0,1,0,0,0
214,-0.21314957470860116,-0.4066585144337359,0.34805889366703735,0,0,0,1,0,0,0
121,0.2929426149816396,-0.3814296724866864,-0.41971969224190664,0,0,0,0,1,0,0
375,-0.20017285189603087,-0.4066585144337359,1.5500679709122775,0,1,0,0,0,0,0
20,-0.17421940627089033,-0.4066585144337359,-2.032477688364689,0,0,0,0,1,0,0
188,-0.10068464366632543,-0.39404409346021113,0.211636737242156,0,0,0,1,0,0,0
71,-0.06608004949947135,-0.30574314664553787,-1.0588440350019708,0,1,0,0,0,0,0
106,-0.19152170335431737,-0.36881525151316163,-0.6269866894622483,0,0,0,1,0,0,0
270,0.00745471310509355,-0.39404409346021113,0.6074078560986713,0,0,0,0,1,0,0
348,-0.12663808929146597,0.6151095844217691,1.3711008906200977,0,1,0,0,0,0,0
102,-0.13096366356232275,0.7034105312364425,-0.7030254695075807,0,0,0,0,0,1,0
