,Total CPI-Adjusted Cost (Millions of Dollars)_x
278,1816.8
60,1161.5
119,195046.1
266,2712.1
352,5740.4
242,2741.8
249,1176.5
17,3492.0
153,1430.0
24,5050.2
372,3490.6
331,1344.1
126,2297.7
220,2577.7
141,2290.3
163,5320.0
237,4476.6
371,1792.8
280,5517.6
116,12144.6
329,9864.5
175,1679.6
281,3630.0
19,3684.6
152,1885.8
79,1316.0
239,1392.3
18,1710.1
137,1756.9
104,3350.5
287,5400.0
118,3917.1
165,3802.1
31,5080.0
36,8194.0
272,3707.6
140,4301.9
177,18351.9
253,155000.0
59,5100.0
111,1642.7
362,4072.6
6,1565.6
334,1196.1
262,1710.0
10,9180.0
173,2783.3
103,15581.1
81,6703.3
370,1647.6
294,1620.0
292,3457.2
192,40504.8
196,1421.6
337,2552.8
89,11878.5
172,2090.6
147,10164.6
258,1293.4
92,1924.4
69,9763.8
255,111600.0
96,1167.6
143,1774.2
283,7464.7
97,14743.1
208,4790.1
68,3565.0
23,1488.8
37,1464.0
144,8395.8
122,29260.0
67,2006.5
168,1421.4
193,1217.0
296,2535.6
176,1566.0
125,3683.8
146,1727.7
274,1497.4
86,1649.4
327,1960.2
265,1165.1
316,1441.0
180,1258.1
282,1209.6
182,4192.7
324,82400.7
311,26543.0
321,1209.6
129,1336.1
38,3381.6
11,9307.3
248,4187.5
185,4357.4
275,1857.4
112,1125.9
179,3392.1
247,2090.3
374,14517.0
117,1375.4
345,3234.4
361,4292.5
268,1038.2
339,3322.9
164,2493.9
227,2663.6
136,1424.2
154,1275.9
199,1365.0
197,3168.4
368,1496.8
2,39579.0
351,2871.2
115,33211.0
299,1423.4
305,3383.1
26,53010.4
120,2374.6
286,2044.4
218,3275.4
322,1438.1
127,1146.2
74,1908.5
301,5613.1
29,22139.8
83,1761.7
312,1945.4
107,1683.8
224,1341.6
231,2201.0
133,3736.7
184,1494.4
271,30219.8
44,58860.0
347,22852.0
65,9378.0
277,1502.4
85,1930.6
186,3087.0
70,1318.3
159,3218.0
12,1220.0
35,1666.1
28,1445.0
170,12371.7
142,14439.8
297,1900.8
250,2937.5
150,2059.3
228,4478.2
221,3906.1
131,2128.0
355,1361.7
51,2704.8
240,1890.0
300,1268.5
95,5385.2
284,1932.0
178,16631.1
204,1851.3
123,2059.9
41,1769.5
289,1495.0
206,2257.2
254,62000.0
310,1281.2
4,1372.9
256,3150.0
335,2289.6
100,1955.0
226,1561.3
320,1358.6
213,3880.2
171,4150.5
98,3580.3
215,1669.1
61,11082.7
47,5363.3
32,1652.7
267,1933.7
200,1976.1
333,2835.5
27,1367.6
291,3044.3
230,3064.9
260,1786.1
162,1337.2
318,1929.2
138,1628.6
62,1708.5
135,5378.0
128,9296.7
8,4807.9
64,1968.0
14,1803.7
156,5063.4
40,7359.0
356,3019.2
302,13122.2
216,1227.2
279,1167.6
323,1430.2
236,12700.0
207,1100.4
212,5176.8
295,1232.4
341,1523.6
251,1886.5
366,2187.1
342,2610.4
303,27393.7
269,1250.5
201,1439.7
161,1270.5
43,1638.1
217,1640.9
190,86502.7
309,19411.0
259,2698.7
105,6894.4
53,2184.5
1,2177.2
49,1371.7
80,1842.4
205,1193.4
34,1927.1
263,1685.1
91,1235.1
52,2907.6
264,1586.0
241,2275.7
13,6298.3
315,3652.8
88,4673.1
273,29280.0
166,2985.6
328,11752.1
369,5555.0
134,4029.7
306,5135.3
360,1641.3
319,1416.0
243,1260.0
54,6264.7
50,45065.9
174,1207.7
189,3675.4
373,1645.0
187,3481.0
169,14004.1
58,1500.9
48,11883.3
344,1050.6
235,13000.0
252,1781.3
21,4220.7
313,1561.5
160,4700.7
276,13087.0
191,2329.6
293,4132.8
343,116272.0
257,22506.3
308,5304.1
149,2362.3
130,2273.8
151,1239.8
359,3460.4
99,1877.7
87,3722.6
330,1088.6
214,2022.1
121,28490.1
375,1276.0
20,2431.5
188,3870.6
71,5822.8
106,1433.0
270,29280.0
348,4635.0
102,2248.8
